Ground truth: 
 [[0 1 1 1 1 1 1 1 0]
 [0 0 0 1 0 0 0 0 0]
 [0 0 0 0 1 0 0 0 0]
 [0 0 0 0 0 0 1 0 0]
 [0 0 0 0 0 0 0 1 0]
 [0 1 1 0 0 0 0 0 0]
 [0 0 0 0 0 0 0 0 1]
 [0 0 0 0 0 0 0 0 1]
 [0 0 0 0 0 0 0 0 0]] 
 Predict: 
 [[0 0 0 0 0 0 0 0 0]
 [0 0 0 1 0 1 0 0 0]
 [0 0 0 0 1 1 0 0 0]
 [0 1 0 0 0 0 1 0 0]
 [0 0 1 0 0 0 0 1 0]
 [1 1 1 0 0 0 0 0 0]
 [0 0 0 1 0 0 0 0 1]
 [0 0 0 0 1 0 0 0 1]
 [1 0 0 0 0 0 0 0 0]] 
 Acc: {'fdr': 0.5, 'tpr': 0.5333333333333333, 'fpr': 0.38095238095238093, 'shd': 14, 'nnz': 16, 'dag': False}