0.00000 -0.00000 0.00047 -1.63301 -0.00411 -0.03274 0.00047 0.00449 0.01384 -0.00463
-0.58588 0.00000 1.54880 0.17459 0.62353 1.12032 -0.00002 -0.00326 -0.00798 0.00214
-0.00422 0.00000 0.00000 0.17922 -0.00714 1.84298 0.00179 -0.00000 0.00480 -0.00027
-0.00000 0.00000 0.00000 0.00000 -0.00000 0.00000 -0.00000 -0.00000 -0.00070 -0.00000
-0.00084 0.00000 -0.00311 -0.15708 0.00000 -1.29495 0.00000 -0.00000 0.00901 0.00811
-0.00029 0.00000 0.00000 1.67580 -0.00000 0.00000 -0.00000 -0.00000 -0.00193 -0.00000
0.00124 0.00223 -0.02343 0.68985 1.64954 -0.22750 0.00000 0.00121 0.01829 -0.01918
-0.00029 -0.00022 -0.81990 1.46893 -1.62771 0.06958 0.00003 0.00000 0.00335 1.17733
0.00006 -0.00002 0.00490 0.02710 0.00254 -0.00626 0.00002 -0.00000 0.00000 -0.00000
-0.00017 -0.00014 -0.02601 -0.10782 -0.00046 -1.35591 -0.00003 0.00000 -0.86199 0.00000
