0.00000 0.00000 0.00000 -1.70537 0.00000 0.00000 0.00000 0.00000 0.00000 0.00000
-0.73171 0.00000 1.79218 0.00000 0.70844 1.23428 0.00000 0.00000 0.00000 0.00000
0.00000 0.00000 0.00000 0.00000 0.00000 1.98959 0.00000 0.00000 0.00000 0.00000
0.00000 0.00000 0.00000 0.00000 0.00000 0.00000 0.00000 0.00000 0.00000 0.00000
0.00000 0.00000 0.00000 0.00000 0.00000 -1.54871 0.00000 0.00000 0.00000 0.00000
0.00000 0.00000 0.00000 1.90444 0.00000 0.00000 0.00000 0.00000 0.00000 0.00000
0.00000 0.00000 0.00000 0.73986 1.82903 0.00000 0.00000 0.00000 0.00000 0.00000
0.00000 0.00000 -1.06124 1.65037 -1.90538 0.00000 0.00000 0.00000 0.00000 1.37923
0.00000 0.00000 0.00000 0.00000 0.00000 0.00000 0.00000 0.00000 0.00000 0.00000
0.00000 0.00000 0.00000 0.00000 0.00000 -1.58855 0.00000 0.00000 -0.96993 0.00000
