0.00000 0.01538 -0.00136 -0.00247 0.00421 -0.00027 0.00006 -0.00014 -0.00353 0.00073
0.00003 0.00000 -0.00000 -0.00000 -0.00021 0.00119 -0.00000 0.00007 0.00014 -0.00002
-0.00291 -0.29782 0.00000 1.49495 0.04335 -0.00089 0.01230 -0.00747 -0.06488 0.00001
-0.00243 -1.94250 0.00000 0.00000 -0.01992 -0.00164 -0.00008 -0.00019 -0.00001 0.00001
-0.00037 0.00014 -0.00010 -0.00036 0.00000 -0.00005 -0.00018 0.00181 0.00838 0.00016
-0.00470 0.02284 -0.00473 -0.00554 0.01220 0.00000 -0.00009 -0.00043 -0.01187 0.00002
0.03342 -1.40930 0.00018 0.05214 -0.00183 -0.01431 0.00000 -0.01242 0.96739 0.00009
0.00911 -0.00841 -0.00099 -0.00507 0.00667 -0.00009 -0.00068 0.00000 -0.00631 0.00116
-0.00207 -0.10061 -0.00030 -0.05804 -0.00016 -0.00080 0.00000 -0.00348 0.00000 -0.00000
0.01677 -0.21284 0.57371 0.04796 0.00367 -0.01210 -0.00296 0.01026 -1.36564 0.00000
