Ground truth: 
 [[0 1 1 1 1 1 1 1 0]
 [0 0 0 1 0 0 0 0 0]
 [0 0 0 0 1 0 0 0 0]
 [0 0 0 0 0 0 1 0 0]
 [0 0 0 0 0 0 0 1 0]
 [0 1 1 0 0 0 0 0 0]
 [0 0 0 0 0 0 0 0 1]
 [0 0 0 0 0 0 0 0 1]
 [0 0 0 0 0 0 0 0 0]] 
 Predict: 
 [[0 1 1 1 1 1 1 1 0]
 [1 0 0 1 0 1 0 0 0]
 [1 0 0 0 1 1 0 0 0]
 [1 1 0 0 0 0 1 0 0]
 [1 0 1 0 0 0 0 1 0]
 [1 1 1 0 0 0 0 0 0]
 [1 0 0 1 0 0 0 0 1]
 [1 0 0 0 1 0 0 0 1]
 [0 0 0 0 0 0 0 0 0]] 
 Acc: {'fdr': 0.4642857142857143, 'tpr': 1.0, 'fpr': 0.6190476190476191, 'shd': 13, 'nnz': 28, 'dag': False}